0,0,1
0,1,1
0,2,1
0,3,1
0,4,1
0,5,1
0,6,1
0,7,1
0,8,1
0,9,1
0,10,1
0,11,1
0,12,1
0,13,1
0,14,1
0,15,1
0,16,1
0,17,1
0,18,1
0,19,1
0,20,1
0,21,1
0,22,1
0,23,1
0,24,1
0,25,1
0,26,1
0,27,1
0,28,1
0,29,1
0,30,1
0,31,1
0,32,1
0,33,1
0,34,1
0,35,1
0,36,1
0,37,1
0,38,1
0,39,1
0,40,1
0,41,1
0,42,1
0,43,1
0,44,1
0,45,1
0,46,1
0,47,1
0,48,1
0,49,1
0,50,1
0,51,1
0,52,1
0,53,1
0,54,1
0,55,1
0,56,1
1,0,0
1,1,1
1,2,0
1,3,0
1,4,0
1,5,0
1,6,0
1,7,0
1,8,0
1,9,0
1,10,0
1,11,0
1,12,0
1,13,0
1,14,0
1,15,0
1,16,0
1,17,0
1,18,0
1,19,0
1,20,0
1,21,0
1,22,0
1,23,0
1,24,0
1,25,0
1,26,0
1,27,0
1,28,0
1,29,0
1,30,0
1,31,0
1,32,0
1,33,0
1,34,0
1,35,0
1,36,0
1,37,0
1,38,0
1,39,0
1,40,0
1,41,0
1,42,0
1,43,0
1,44,0
1,45,0
1,46,0
1,47,0
1,48,0
1,49,0
1,50,0
1,51,0
1,52,0
1,53,0
1,54,0
1,55,0
1,56,0
2,0,0
2,1,0
2,2,1
2,3,0
2,4,0
2,5,0
2,6,0
2,7,0
2,8,0
2,9,0
2,10,0
2,11,0
2,12,0
2,13,0
2,14,0
2,15,0
2,16,0
2,17,0
2,18,0
2,19,0
2,20,0
2,21,0
2,22,0
2,23,0
2,24,0
2,25,0
2,26,0
2,27,0
2,28,0
2,29,0
2,30,0
2,31,0
2,32,0
2,33,0
2,34,0
2,35,0
2,36,0
2,37,0
2,38,0
2,39,0
2,40,0
2,41,0
2,42,0
2,43,0
2,44,0
2,45,0
2,46,0
2,47,0
2,48,0
2,49,0
2,50,0
2,51,0
2,52,0
2,53,0
2,54,0
2,55,0
2,56,0
3,0,0
3,1,1
3,2,1
3,3,1
3,4,0
3,5,0
3,6,0
3,7,0
3,8,0
3,9,0
3,10,0
3,11,0
3,12,0
3,13,0
3,14,0
3,15,0
3,16,0
3,17,0
3,18,0
3,19,0
3,20,0
3,21,0
3,22,0
3,23,0
3,24,0
3,25,0
3,26,0
3,27,0
3,28,0
3,29,0
3,30,0
3,31,0
3,32,0
3,33,0
3,34,0
3,35,0
3,36,0
3,37,0
3,38,0
3,39,0
3,40,0
3,41,0
3,42,0
3,43,0
3,44,0
3,45,0
3,46,0
3,47,0
3,48,0
3,49,0
3,50,0
3,51,0
3,52,0
3,53,0
3,54,0
3,55,0
3,56,0
4,0,0
4,1,0
4,2,0
4,3,0
4,4,0
4,5,0
4,6,0
4,7,0
4,8,0
4,9,0
4,10,0
4,11,0
4,12,0
4,13,0
4,14,0
4,15,0
4,16,0
4,17,0
4,18,0
4,19,0
4,20,0
4,21,0
4,22,0
4,23,0
4,24,0
4,25,0
4,26,0
4,27,0
4,28,0
4,29,0
4,30,0
4,31,0
4,32,0
4,33,0
4,34,0
4,35,0
4,36,0
4,37,0
4,38,0
4,39,0
4,40,0
4,41,0
4,42,0
4,43,0
4,44,0
4,45,0
4,46,0
4,47,0
4,48,0
4,49,0
4,50,0
4,51,0
4,52,0
4,53,0
4,54,0
4,55,0
4,56,0
5,0,0
5,1,0
5,2,0
5,3,0
5,4,0
5,5,0
5,6,0
5,7,0
5,8,0
5,9,0
5,10,0
5,11,0
5,12,0
5,13,0
5,14,0
5,15,0
5,16,0
5,17,0
5,18,0
5,19,0
5,20,0
5,21,0
5,22,0
5,23,0
5,24,0
5,25,0
5,26,0
5,27,0
5,28,0
5,29,0
5,30,0
5,31,0
5,32,0
5,33,0
5,34,0
5,35,0
5,36,0
5,37,0
5,38,0
5,39,0
5,40,0
5,41,0
5,42,0
5,43,0
5,44,0
5,45,0
5,46,0
5,47,0
5,48,0
5,49,0
5,50,0
5,51,0
5,52,0
5,53,0
5,54,0
5,55,0
5,56,0
6,0,0
6,1,0
6,2,1
6,3,0
6,4,0
6,5,0
6,6,0
6,7,0
6,8,0
6,9,0
6,10,0
6,11,0
6,12,0
6,13,0
6,14,0
6,15,0
6,16,0
6,17,0
6,18,0
6,19,0
6,20,0
6,21,0
6,22,0
6,23,0
6,24,0
6,25,0
6,26,0
6,27,0
6,28,0
6,29,0
6,30,0
6,31,0
6,32,0
6,33,0
6,34,0
6,35,0
6,36,0
6,37,0
6,38,0
6,39,0
6,40,0
6,41,0
6,42,0
6,43,0
6,44,0
6,45,0
6,46,0
6,47,0
6,48,0
6,49,0
6,50,0
6,51,0
6,52,0
6,53,0
6,54,0
6,55,0
6,56,0
7,0,0
7,1,0
7,2,0
7,3,0
7,4,0
7,5,0
7,6,0
7,7,0
7,8,0
7,9,0
7,10,0
7,11,0
7,12,0
7,13,0
7,14,0
7,15,0
7,16,0
7,17,0
7,18,0
7,19,0
7,20,0
7,21,0
7,22,0
7,23,0
7,24,0
7,25,0
7,26,0
7,27,0
7,28,0
7,29,0
7,30,0
7,31,0
7,32,0
7,33,0
7,34,0
7,35,0
7,36,0
7,37,0
7,38,0
7,39,0
7,40,0
7,41,0
7,42,0
7,43,0
7,44,0
7,45,0
7,46,0
7,47,0
7,48,0
7,49,0
7,50,0
7,51,0
7,52,0
7,53,0
7,54,0
7,55,0
7,56,0
8,0,0
8,1,0
8,2,0
8,3,1
8,4,1
8,5,1
8,6,1
8,7,1
8,8,1
8,9,1
8,10,1
8,11,1
8,12,1
8,13,1
8,14,1
8,15,1
8,16,1
8,17,1
8,18,1
8,19,1
8,20,1
8,21,1
8,22,1
8,23,1
8,24,1
8,25,1
8,26,1
8,27,1
8,28,1
8,29,1
8,30,1
8,31,1
8,32,1
8,33,1
8,34,1
8,35,1
8,36,1
8,37,1
8,38,1
8,39,1
8,40,1
8,41,1
8,42,1
8,43,1
8,44,1
8,45,1
8,46,1
8,47,1
8,48,1
8,49,1
8,50,1
8,51,1
8,52,1
8,53,1
8,54,1
8,55,1
8,56,1
9,0,0
9,1,0
9,2,0
9,3,0
9,4,1
9,5,1
9,6,0
9,7,0
9,8,0
9,9,0
9,10,0
9,11,0
9,12,0
9,13,0
9,14,0
9,15,0
9,16,0
9,17,0
9,18,0
9,19,0
9,20,0
9,21,0
9,22,0
9,23,0
9,24,0
9,25,0
9,26,0
9,27,0
9,28,0
9,29,0
9,30,0
9,31,0
9,32,0
9,33,0
9,34,0
9,35,0
9,36,0
9,37,0
9,38,0
9,39,0
9,40,0
9,41,0
9,42,0
9,43,0
9,44,0
9,45,0
9,46,0
9,47,0
9,48,0
9,49,0
9,50,0
9,51,0
9,52,0
9,53,0
9,54,0
9,55,0
9,56,0
10,0,0
10,1,0
10,2,0
10,3,0
10,4,0
10,5,0
10,6,1
10,7,0
10,8,0
10,9,0
10,10,0
10,11,0
10,12,0
10,13,0
10,14,0
10,15,0
10,16,0
10,17,0
10,18,0
10,19,0
10,20,0
10,21,0
10,22,0
10,23,0
10,24,0
10,25,0
10,26,0
10,27,0
10,28,0
10,29,0
10,30,0
10,31,0
10,32,0
10,33,0
10,34,0
10,35,0
10,36,0
10,37,0
10,38,0
10,39,0
10,40,0
10,41,0
10,42,0
10,43,0
10,44,0
10,45,0
10,46,0
10,47,0
10,48,0
10,49,0
10,50,0
10,51,0
10,52,0
10,53,0
10,54,0
10,55,0
10,56,0
11,0,0
11,1,1
11,2,1
11,3,1
11,4,0
11,5,1
11,6,1
11,7,1
11,8,0
11,9,0
11,10,0
11,11,0
11,12,0
11,13,0
11,14,0
11,15,0
11,16,0
11,17,0
11,18,0
11,19,0
11,20,0
11,21,0
11,22,0
11,23,0
11,24,0
11,25,0
11,26,0
11,27,0
11,28,0
11,29,0
11,30,0
11,31,0
11,32,0
11,33,0
11,34,0
11,35,0
11,36,0
11,37,0
11,38,0
11,39,0
11,40,0
11,41,0
11,42,0
11,43,0
11,44,0
11,45,0
11,46,0
11,47,0
11,48,0
11,49,0
11,50,0
11,51,0
11,52,0
11,53,0
11,54,0
11,55,0
11,56,0
12,0,0
12,1,0
12,2,0
12,3,0
12,4,0
12,5,0
12,6,0
12,7,0
12,8,0
12,9,0
12,10,0
12,11,0
12,12,0
12,13,0
12,14,0
12,15,0
12,16,0
12,17,0
12,18,0
12,19,0
12,20,0
12,21,0
12,22,0
12,23,0
12,24,0
12,25,0
12,26,0
12,27,0
12,28,0
12,29,0
12,30,0
12,31,0
12,32,0
12,33,0
12,34,0
12,35,0
12,36,0
12,37,0
12,38,0
12,39,0
12,40,0
12,41,0
12,42,0
12,43,0
12,44,0
12,45,0
12,46,0
12,47,0
12,48,0
12,49,0
12,50,0
12,51,0
12,52,0
12,53,0
12,54,0
12,55,0
12,56,0
13,0,0
13,1,0
13,2,0
13,3,0
13,4,0
13,5,0
13,6,0
13,7,0
13,8,0
13,9,0
13,10,0
13,11,0
13,12,0
13,13,0
13,14,0
13,15,0
13,16,0
13,17,0
13,18,0
13,19,0
13,20,0
13,21,0
13,22,0
13,23,0
13,24,0
13,25,0
13,26,0
13,27,0
13,28,0
13,29,0
13,30,0
13,31,0
13,32,0
13,33,0
13,34,0
13,35,0
13,36,0
13,37,0
13,38,0
13,39,0
13,40,0
13,41,0
13,42,0
13,43,0
13,44,0
13,45,0
13,46,0
13,47,0
13,48,0
13,49,0
13,50,0
13,51,0
13,52,0
13,53,0
13,54,0
13,55,0
13,56,0
14,0,0
14,1,0
14,2,1
14,3,0
14,4,1
14,5,1
14,6,1
14,7,0
14,8,0
14,9,0
14,10,0
14,11,0
14,12,0
14,13,0
14,14,0
14,15,0
14,16,0
14,17,0
14,18,0
14,19,0
14,20,0
14,21,0
14,22,0
14,23,0
14,24,0
14,25,0
14,26,0
14,27,0
14,28,0
14,29,0
14,30,0
14,31,0
14,32,0
14,33,0
14,34,0
14,35,0
14,36,0
14,37,0
14,38,0
14,39,0
14,40,0
14,41,0
14,42,0
14,43,0
14,44,0
14,45,0
14,46,0
14,47,0
14,48,0
14,49,0
14,50,0
14,51,0
14,52,0
14,53,0
14,54,0
14,55,0
14,56,0
15,0,0
15,1,1
15,2,1
15,3,2
15,4,2
15,5,2
15,6,1
15,7,1
15,8,1
15,9,0
15,10,0
15,11,0
15,12,0
15,13,0
15,14,0
15,15,0
15,16,0
15,17,0
15,18,0
15,19,0
15,20,0
15,21,0
15,22,0
15,23,0
15,24,0
15,25,0
15,26,0
15,27,0
15,28,0
15,29,0
15,30,0
15,31,0
15,32,0
15,33,0
15,34,0
15,35,0
15,36,0
15,37,0
15,38,0
15,39,0
15,40,0
15,41,0
15,42,0
15,43,0
15,44,0
15,45,0
15,46,0
15,47,0
15,48,0
15,49,0
15,50,0
15,51,0
15,52,0
15,53,0
15,54,0
15,55,0
15,56,0
16,0,0
16,1,0
16,2,2
16,3,1
16,4,0
16,5,0
16,6,0
16,7,1
16,8,0
16,9,0
16,10,0
16,11,0
16,12,0
16,13,0
16,14,0
16,15,0
16,16,0
16,17,0
16,18,0
16,19,0
16,20,0
16,21,0
16,22,0
16,23,0
16,24,0
16,25,0
16,26,0
16,27,0
16,28,0
16,29,0
16,30,0
16,31,0
16,32,0
16,33,0
16,34,0
16,35,0
16,36,0
16,37,0
16,38,0
16,39,0
16,40,0
16,41,0
16,42,0
16,43,0
16,44,0
16,45,0
16,46,0
16,47,0
16,48,0
16,49,0
16,50,0
16,51,0
16,52,0
16,53,0
16,54,0
16,55,0
16,56,0
17,0,0
17,1,0
17,2,0
17,3,2
17,4,2
17,5,1
17,6,1
17,7,0
17,8,1
17,9,1
17,10,0
17,11,0
17,12,0
17,13,0
17,14,0
17,15,0
17,16,0
17,17,0
17,18,0
17,19,0
17,20,0
17,21,0
17,22,0
17,23,0
17,24,0
17,25,0
17,26,0
17,27,0
17,28,0
17,29,0
17,30,0
17,31,0
17,32,0
17,33,0
17,34,0
17,35,0
17,36,0
17,37,0
17,38,0
17,39,0
17,40,0
17,41,0
17,42,0
17,43,0
17,44,0
17,45,0
17,46,0
17,47,0
17,48,0
17,49,0
17,50,0
17,51,0
17,52,0
17,53,0
17,54,0
17,55,0
17,56,0
18,0,0
18,1,0
18,2,1
18,3,1
18,4,2
18,5,1
18,6,0
18,7,0
18,8,0
18,9,0
18,10,1
18,11,0
18,12,0
18,13,0
18,14,0
18,15,0
18,16,0
18,17,0
18,18,0
18,19,0
18,20,0
18,21,0
18,22,0
18,23,0
18,24,0
18,25,0
18,26,0
18,27,0
18,28,0
18,29,0
18,30,0
18,31,0
18,32,0
18,33,0
18,34,0
18,35,0
18,36,0
18,37,0
18,38,0
18,39,0
18,40,0
18,41,0
18,42,0
18,43,0
18,44,0
18,45,0
18,46,0
18,47,0
18,48,0
18,49,0
18,50,0
18,51,0
18,52,0
18,53,0
18,54,0
18,55,0
18,56,0
19,0,0
19,1,0
19,2,0
19,3,1
19,4,0
19,5,1
19,6,1
19,7,1
19,8,0
19,9,1
19,10,1
19,11,1
19,12,0
19,13,0
19,14,0
19,15,0
19,16,0
19,17,0
19,18,0
19,19,0
19,20,0
19,21,0
19,22,0
19,23,0
19,24,0
19,25,0
19,26,0
19,27,0
19,28,0
19,29,0
19,30,0
19,31,0
19,32,0
19,33,0
19,34,0
19,35,0
19,36,0
19,37,0
19,38,0
19,39,0
19,40,0
19,41,0
19,42,0
19,43,0
19,44,0
19,45,0
19,46,0
19,47,0
19,48,0
19,49,0
19,50,0
19,51,0
19,52,0
19,53,0
19,54,0
19,55,0
19,56,0
20,0,0
20,1,0
20,2,0
20,3,0
20,4,1
20,5,1
20,6,1
20,7,0
20,8,0
20,9,0
20,10,0
20,11,0
20,12,0
20,13,0
20,14,0
20,15,0
20,16,0
20,17,0
20,18,0
20,19,0
20,20,0
20,21,0
20,22,0
20,23,0
20,24,0
20,25,0
20,26,0
20,27,0
20,28,0
20,29,0
20,30,0
20,31,0
20,32,0
20,33,0
20,34,0
20,35,0
20,36,0
20,37,0
20,38,0
20,39,0
20,40,0
20,41,0
20,42,0
20,43,0
20,44,0
20,45,0
20,46,0
20,47,0
20,48,0
20,49,0
20,50,0
20,51,0
20,52,0
20,53,0
20,54,0
20,55,0
20,56,0
21,0,0
21,1,0
21,2,0
21,3,0
21,4,0
21,5,1
21,6,0
21,7,0
21,8,0
21,9,0
21,10,0
21,11,0
21,12,0
21,13,0
21,14,0
21,15,0
21,16,0
21,17,0
21,18,0
21,19,0
21,20,0
21,21,0
21,22,0
21,23,0
21,24,0
21,25,0
21,26,0
21,27,0
21,28,0
21,29,0
21,30,0
21,31,0
21,32,0
21,33,0
21,34,0
21,35,0
21,36,0
21,37,0
21,38,0
21,39,0
21,40,0
21,41,0
21,42,0
21,43,0
21,44,0
21,45,0
21,46,0
21,47,0
21,48,0
21,49,0
21,50,0
21,51,0
21,52,0
21,53,0
21,54,0
21,55,0
21,56,0
22,0,0
22,1,0
22,2,0
22,3,1
22,4,2
22,5,1
22,6,1
22,7,0
22,8,1
22,9,1
22,10,1
22,11,0
22,12,0
22,13,0
22,14,0
22,15,0
22,16,0
22,17,0
22,18,0
22,19,0
22,20,0
22,21,0
22,22,0
22,23,0
22,24,0
22,25,0
22,26,0
22,27,0
22,28,0
22,29,0
22,30,0
22,31,0
22,32,0
22,33,0
22,34,0
22,35,0
22,36,0
22,37,0
22,38,0
22,39,0
22,40,0
22,41,0
22,42,0
22,43,0
22,44,0
22,45,0
22,46,0
22,47,0
22,48,0
22,49,0
22,50,0
22,51,0
22,52,0
22,53,0
22,54,0
22,55,0
22,56,0
23,0,0
23,1,1
23,2,1
23,3,1
23,4,2
23,5,3
23,6,2
23,7,2
23,8,2
23,9,2
23,10,1
23,11,1
23,12,1
23,13,0
23,14,0
23,15,0
23,16,0
23,17,0
23,18,0
23,19,0
23,20,0
23,21,0
23,22,0
23,23,0
23,24,0
23,25,0
23,26,0
23,27,0
23,28,0
23,29,0
23,30,0
23,31,0
23,32,0
23,33,0
23,34,0
23,35,0
23,36,0
23,37,0
23,38,0
23,39,0
23,40,0
23,41,0
23,42,0
23,43,0
23,44,0
23,45,0
23,46,0
23,47,0
23,48,0
23,49,0
23,50,0
23,51,0
23,52,0
23,53,0
23,54,0
23,55,0
23,56,0
24,0,0
24,1,0
24,2,1
24,3,0
24,4,0
24,5,0
24,6,1
24,7,1
24,8,0
24,9,0
24,10,0
24,11,1
24,12,0
24,13,0
24,14,0
24,15,0
24,16,0
24,17,0
24,18,0
24,19,0
24,20,0
24,21,0
24,22,0
24,23,0
24,24,0
24,25,0
24,26,0
24,27,0
24,28,0
24,29,0
24,30,0
24,31,0
24,32,0
24,33,0
24,34,0
24,35,0
24,36,0
24,37,0
24,38,0
24,39,0
24,40,0
24,41,0
24,42,0
24,43,0
24,44,0
24,45,0
24,46,0
24,47,0
24,48,0
24,49,0
24,50,0
24,51,0
24,52,0
24,53,0
24,54,0
24,55,0
24,56,0
25,0,0
25,1,0
25,2,0
25,3,1
25,4,0
25,5,1
25,6,1
25,7,1
25,8,2
25,9,1
25,10,1
25,11,0
25,12,1
25,13,1
25,14,0
25,15,0
25,16,0
25,17,0
25,18,0
25,19,0
25,20,0
25,21,0
25,22,0
25,23,0
25,24,0
25,25,0
25,26,0
25,27,0
25,28,0
25,29,0
25,30,0
25,31,0
25,32,0
25,33,0
25,34,0
25,35,0
25,36,0
25,37,0
25,38,0
25,39,0
25,40,0
25,41,0
25,42,0
25,43,0
25,44,0
25,45,0
25,46,0
25,47,0
25,48,0
25,49,0
25,50,0
25,51,0
25,52,0
25,53,0
25,54,0
25,55,0
25,56,0
26,0,0
26,1,0
26,2,1
26,3,1
26,4,2
26,5,1
26,6,1
26,7,1
26,8,1
26,9,1
26,10,0
26,11,0
26,12,0
26,13,0
26,14,1
26,15,0
26,16,0
26,17,0
26,18,0
26,19,0
26,20,0
26,21,0
26,22,0
26,23,0
26,24,0
26,25,0
26,26,0
26,27,0
26,28,0
26,29,0
26,30,0
26,31,0
26,32,0
26,33,0
26,34,0
26,35,0
26,36,0
26,37,0
26,38,0
26,39,0
26,40,0
26,41,0
26,42,0
26,43,0
26,44,0
26,45,0
26,46,0
26,47,0
26,48,0
26,49,0
26,50,0
26,51,0
26,52,0
26,53,0
26,54,0
26,55,0
26,56,0
27,0,0
27,1,0
27,2,0
27,3,1
27,4,0
27,5,0
27,6,0
27,7,0
27,8,0
27,9,1
27,10,1
27,11,1
27,12,0
27,13,1
27,14,1
27,15,1
27,16,0
27,17,0
27,18,0
27,19,0
27,20,0
27,21,0
27,22,0
27,23,0
27,24,0
27,25,0
27,26,0
27,27,0
27,28,0
27,29,0
27,30,0
27,31,0
27,32,0
27,33,0
27,34,0
27,35,0
27,36,0
27,37,0
27,38,0
27,39,0
27,40,0
27,41,0
27,42,0
27,43,0
27,44,0
27,45,0
27,46,0
27,47,0
27,48,0
27,49,0
27,50,0
27,51,0
27,52,0
27,53,0
27,54,0
27,55,0
27,56,0
28,0,0
28,1,0
28,2,0
28,3,0
28,4,1
28,5,1
28,6,1
28,7,0
28,8,1
28,9,1
28,10,1
28,11,0
28,12,0
28,13,0
28,14,0
28,15,0
28,16,0
28,17,0
28,18,0
28,19,0
28,20,0
28,21,0
28,22,0
28,23,0
28,24,0
28,25,0
28,26,0
28,27,0
28,28,0
28,29,0
28,30,0
28,31,0
28,32,0
28,33,0
28,34,0
28,35,0
28,36,0
28,37,0
28,38,0
28,39,0
28,40,0
28,41,0
28,42,0
28,43,0
28,44,0
28,45,0
28,46,0
28,47,0
28,48,0
28,49,0
28,50,0
28,51,0
28,52,0
28,53,0
28,54,0
28,55,0
28,56,0
29,0,0
29,1,0
29,2,0
29,3,1
29,4,0
29,5,1
29,6,0
29,7,1
29,8,1
29,9,1
29,10,0
29,11,0
29,12,0
29,13,0
29,14,0
29,15,0
29,16,0
29,17,0
29,18,0
29,19,0
29,20,0
29,21,0
29,22,0
29,23,0
29,24,0
29,25,0
29,26,0
29,27,0
29,28,0
29,29,0
29,30,0
29,31,0
29,32,0
29,33,0
29,34,0
29,35,0
29,36,0
29,37,0
29,38,0
29,39,0
29,40,0
29,41,0
29,42,0
29,43,0
29,44,0
29,45,0
29,46,0
29,47,0
29,48,0
29,49,0
29,50,0
29,51,0
29,52,0
29,53,0
29,54,0
29,55,0
29,56,0
30,0,0
30,1,0
30,2,1
30,3,1
30,4,2
30,5,1
30,6,1
30,7,1
30,8,1
30,9,1
30,10,1
30,11,0
30,12,1
30,13,1
30,14,1
30,15,0
30,16,0
30,17,0
30,18,0
30,19,0
30,20,0
30,21,0
30,22,0
30,23,0
30,24,0
30,25,0
30,26,0
30,27,0
30,28,0
30,29,0
30,30,0
30,31,0
30,32,0
30,33,0
30,34,0
30,35,0
30,36,0
30,37,0
30,38,0
30,39,0
30,40,0
30,41,0
30,42,0
30,43,0
30,44,0
30,45,0
30,46,0
30,47,0
30,48,0
30,49,0
30,50,0
30,51,0
30,52,0
30,53,0
30,54,0
30,55,0
30,56,0
31,0,0
31,1,1
31,2,1
31,3,2
31,4,2
31,5,3
31,6,2
31,7,1
31,8,2
31,9,3
31,10,2
31,11,2
31,12,2
31,13,2
31,14,1
31,15,1
31,16,1
31,17,0
31,18,0
31,19,0
31,20,0
31,21,0
31,22,0
31,23,0
31,24,0
31,25,0
31,26,0
31,27,0
31,28,0
31,29,0
31,30,0
31,31,0
31,32,0
31,33,0
31,34,0
31,35,0
31,36,0
31,37,0
31,38,0
31,39,0
31,40,0
31,41,0
31,42,0
31,43,0
31,44,0
31,45,0
31,46,0
31,47,0
31,48,0
31,49,0
31,50,0
31,51,0
31,52,0
31,53,0
31,54,0
31,55,0
31,56,0
32,0,0
32,1,0
32,2,1
32,3,0
32,4,1
32,5,1
32,6,1
32,7,1
32,8,1
32,9,1
32,10,1
32,11,1
32,12,0
32,13,0
32,14,0
32,15,1
32,16,0
32,17,0
32,18,0
32,19,0
32,20,0
32,21,0
32,22,0
32,23,0
32,24,0
32,25,0
32,26,0
32,27,0
32,28,0
32,29,0
32,30,0
32,31,0
32,32,0
32,33,0
32,34,0
32,35,0
32,36,0
32,37,0
32,38,0
32,39,0
32,40,0
32,41,0
32,42,0
32,43,0
32,44,0
32,45,0
32,46,0
32,47,0
32,48,0
32,49,0
32,50,0
32,51,0
32,52,0
32,53,0
32,54,0
32,55,0
32,56,0
33,0,0
33,1,0
33,2,0
33,3,1
33,4,1
33,5,1
33,6,0
33,7,1
33,8,1
33,9,1
33,10,1
33,11,1
33,12,2
33,13,1
33,14,1
33,15,0
33,16,1
33,17,1
33,18,0
33,19,0
33,20,0
33,21,0
33,22,0
33,23,0
33,24,0
33,25,0
33,26,0
33,27,0
33,28,0
33,29,0
33,30,0
33,31,0
33,32,0
33,33,0
33,34,0
33,35,0
33,36,0
33,37,0
33,38,0
33,39,0
33,40,0
33,41,0
33,42,0
33,43,0
33,44,0
33,45,0
33,46,0
33,47,0
33,48,0
33,49,0
33,50,0
33,51,0
33,52,0
33,53,0
33,54,0
33,55,0
33,56,0
34,0,0
34,1,0
34,2,1
34,3,1
34,4,1
34,5,0
34,6,2
34,7,1
34,8,2
34,9,2
34,10,1
34,11,1
34,12,1
34,13,1
34,14,0
34,15,0
34,16,0
34,17,0
34,18,1
34,19,0
34,20,0
34,21,0
34,22,0
34,23,0
34,24,0
34,25,0
34,26,0
34,27,0
34,28,0
34,29,0
34,30,0
34,31,0
34,32,0
34,33,0
34,34,0
34,35,0
34,36,0
34,37,0
34,38,0
34,39,0
34,40,0
34,41,0
34,42,0
34,43,0
34,44,0
34,45,0
34,46,0
34,47,0
34,48,0
34,49,0
34,50,0
34,51,0
34,52,0
34,53,0
34,54,0
34,55,0
34,56,0
35,0,0
35,1,0
35,2,0
35,3,0
35,4,0
35,5,1
35,6,0
35,7,1
35,8,1
35,9,1
35,10,0
35,11,0
35,12,0
35,13,1
35,14,1
35,15,1
35,16,0
35,17,1
35,18,1
35,19,1
35,20,0
35,21,0
35,22,0
35,23,0
35,24,0
35,25,0
35,26,0
35,27,0
35,28,0
35,29,0
35,30,0
35,31,0
35,32,0
35,33,0
35,34,0
35,35,0
35,36,0
35,37,0
35,38,0
35,39,0
35,40,0
35,41,0
35,42,0
35,43,0
35,44,0
35,45,0
35,46,0
35,47,0
35,48,0
35,49,0
35,50,0
35,51,0
35,52,0
35,53,0
35,54,0
35,55,0
35,56,0
36,0,0
36,1,0
36,2,0
36,3,0
36,4,0
36,5,0
36,6,1
36,7,0
36,8,1
36,9,1
36,10,1
36,11,0
36,12,1
36,13,1
36,14,1
36,15,0
36,16,0
36,17,0
36,18,0
36,19,0
36,20,0
36,21,0
36,22,0
36,23,0
36,24,0
36,25,0
36,26,0
36,27,0
36,28,0
36,29,0
36,30,0
36,31,0
36,32,0
36,33,0
36,34,0
36,35,0
36,36,0
36,37,0
36,38,0
36,39,0
36,40,0
36,41,0
36,42,0
36,43,0
36,44,0
36,45,0
36,46,0
36,47,0
36,48,0
36,49,0
36,50,0
36,51,0
36,52,0
36,53,0
36,54,0
36,55,0
36,56,0
37,0,0
37,1,0
37,2,0
37,3,1
37,4,0
37,5,1
37,6,1
37,7,2
37,8,2
37,9,1
37,10,0
37,11,1
37,12,1
37,13,1
37,14,0
37,15,0
37,16,0
37,17,0
37,18,0
37,19,0
37,20,0
37,21,0
37,22,0
37,23,0
37,24,0
37,25,0
37,26,0
37,27,0
37,28,0
37,29,0
37,30,0
37,31,0
37,32,0
37,33,0
37,34,0
37,35,0
37,36,0
37,37,0
37,38,0
37,39,0
37,40,0
37,41,0
37,42,0
37,43,0
37,44,0
37,45,0
37,46,0
37,47,0
37,48,0
37,49,0
37,50,0
37,51,0
37,52,0
37,53,0
37,54,0
37,55,0
37,56,0
38,0,0
38,1,0
38,2,1
38,3,1
38,4,2
38,5,1
38,6,1
38,7,1
38,8,1
38,9,1
38,10,1
38,11,1
38,12,1
38,13,1
38,14,1
38,15,0
38,16,1
38,17,1
38,18,1
38,19,0
38,20,0
38,21,0
38,22,0
38,23,0
38,24,0
38,25,0
38,26,0
38,27,0
38,28,0
38,29,0
38,30,0
38,31,0
38,32,0
38,33,0
38,34,0
38,35,0
38,36,0
38,37,0
38,38,0
38,39,0
38,40,0
38,41,0
38,42,0
38,43,0
38,44,0
38,45,0
38,46,0
38,47,0
38,48,0
38,49,0
38,50,0
38,51,0
38,52,0
38,53,0
38,54,0
38,55,0
38,56,0
39,0,0
39,1,0
39,2,0
39,3,1
39,4,1
39,5,1
39,6,1
39,7,1
39,8,2
39,9,3
39,10,2
39,11,1
39,12,2
39,13,3
39,14,2
39,15,2
39,16,2
39,17,2
39,18,1
39,19,1
39,20,1
39,21,0
39,22,0
39,23,0
39,24,0
39,25,0
39,26,0
39,27,0
39,28,0
39,29,0
39,30,0
39,31,0
39,32,0
39,33,0
39,34,0
39,35,0
39,36,0
39,37,0
39,38,0
39,39,0
39,40,0
39,41,0
39,42,0
39,43,0
39,44,0
39,45,0
39,46,0
39,47,0
39,48,0
39,49,0
39,50,0
39,51,0
39,52,0
39,53,0
39,54,0
39,55,0
39,56,0
40,0,0
40,1,0
40,2,0
40,3,0
40,4,1
40,5,1
40,6,1
40,7,1
40,8,2
40,9,1
40,10,1
40,11,1
40,12,1
40,13,1
40,14,1
40,15,1
40,16,0
40,17,0
40,18,0
40,19,1
40,20,0
40,21,0
40,22,0
40,23,0
40,24,0
40,25,0
40,26,0
40,27,0
40,28,0
40,29,0
40,30,0
40,31,0
40,32,0
40,33,0
40,34,0
40,35,0
40,36,0
40,37,0
40,38,0
40,39,0
40,40,0
40,41,0
40,42,0
40,43,0
40,44,0
40,45,0
40,46,0
40,47,0
40,48,0
40,49,0
40,50,0
40,51,0
40,52,0
40,53,0
40,54,0
40,55,0
40,56,0
41,0,0
41,1,0
41,2,0
41,3,1
41,4,1
41,5,1
41,6,0
41,7,2
41,8,0
41,9,0
41,10,1
41,11,1
41,12,1
41,13,1
41,14,1
41,15,1
41,16,2
41,17,1
41,18,1
41,19,0
41,20,1
41,21,1
41,22,0
41,23,0
41,24,0
41,25,0
41,26,0
41,27,0
41,28,0
41,29,0
41,30,0
41,31,0
41,32,0
41,33,0
41,34,0
41,35,0
41,36,0
41,37,0
41,38,0
41,39,0
41,40,0
41,41,0
41,42,0
41,43,0
41,44,0
41,45,0
41,46,0
41,47,0
41,48,0
41,49,0
41,50,0
41,51,0
41,52,0
41,53,0
41,54,0
41,55,0
41,56,0
42,0,0
42,1,0
42,2,1
42,3,1
42,4,1
42,5,0
42,6,2
42,7,1
42,8,2
42,9,2
42,10,1
42,11,1
42,12,2
42,13,2
42,14,1
42,15,1
42,16,1
42,17,1
42,18,0
42,19,0
42,20,0
42,21,0
42,22,1
42,23,0
42,24,0
42,25,0
42,26,0
42,27,0
42,28,0
42,29,0
42,30,0
42,31,0
42,32,0
42,33,0
42,34,0
42,35,0
42,36,0
42,37,0
42,38,0
42,39,0
42,40,0
42,41,0
42,42,0
42,43,0
42,44,0
42,45,0
42,46,0
42,47,0
42,48,0
42,49,0
42,50,0
42,51,0
42,52,0
42,53,0
42,54,0
42,55,0
42,56,0
43,0,0
43,1,0
43,2,0
43,3,0
43,4,0
43,5,1
43,6,0
43,7,1
43,8,1
43,9,1
43,10,0
43,11,1
43,12,1
43,13,1
43,14,0
43,15,0
43,16,0
43,17,1
43,18,1
43,19,1
43,20,0
43,21,1
43,22,1
43,23,1
43,24,0
43,25,0
43,26,0
43,27,0
43,28,0
43,29,0
43,30,0
43,31,0
43,32,0
43,33,0
43,34,0
43,35,0
43,36,0
43,37,0
43,38,0
43,39,0
43,40,0
43,41,0
43,42,0
43,43,0
43,44,0
43,45,0
43,46,0
43,47,0
43,48,0
43,49,0
43,50,0
43,51,0
43,52,0
43,53,0
43,54,0
43,55,0
43,56,0
44,0,0
44,1,0
44,2,0
44,3,0
44,4,1
44,5,1
44,6,1
44,7,0
44,8,0
44,9,0
44,10,1
44,11,0
44,12,1
44,13,1
44,14,1
44,15,0
44,16,1
44,17,1
44,18,1
44,19,0
44,20,0
44,21,0
44,22,0
44,23,0
44,24,0
44,25,0
44,26,0
44,27,0
44,28,0
44,29,0
44,30,0
44,31,0
44,32,0
44,33,0
44,34,0
44,35,0
44,36,0
44,37,0
44,38,0
44,39,0
44,40,0
44,41,0
44,42,0
44,43,0
44,44,0
44,45,0
44,46,0
44,47,0
44,48,0
44,49,0
44,50,0
44,51,0
44,52,0
44,53,0
44,54,0
44,55,0
44,56,0
45,0,0
45,1,0
45,2,0
45,3,1
45,4,0
45,5,1
45,6,2
45,7,2
45,8,2
45,9,2
45,10,1
45,11,1
45,12,2
45,13,1
45,14,0
45,15,1
45,16,1
45,17,1
45,18,0
45,19,0
45,20,0
45,21,0
45,22,0
45,23,0
45,24,0
45,25,0
45,26,0
45,27,0
45,28,0
45,29,0
45,30,0
45,31,0
45,32,0
45,33,0
45,34,0
45,35,0
45,36,0
45,37,0
45,38,0
45,39,0
45,40,0
45,41,0
45,42,0
45,43,0
45,44,0
45,45,0
45,46,0
45,47,0
45,48,0
45,49,0
45,50,0
45,51,0
45,52,0
45,53,0
45,54,0
45,55,0
45,56,0
46,0,0
46,1,0
46,2,0
46,3,0
46,4,1
46,5,1
46,6,2
46,7,2
46,8,2
46,9,1
46,10,0
46,11,1
46,12,0
46,13,0
46,14,1
46,15,1
46,16,1
46,17,1
46,18,1
46,19,0
46,20,1
46,21,1
46,22,1
46,23,0
46,24,0
46,25,0
46,26,0
46,27,0
46,28,0
46,29,0
46,30,0
46,31,0
46,32,0
46,33,0
46,34,0
46,35,0
46,36,0
46,37,0
46,38,0
46,39,0
46,40,0
46,41,0
46,42,0
46,43,0
46,44,0
46,45,0
46,46,0
46,47,0
46,48,0
46,49,0
46,50,0
46,51,0
46,52,0
46,53,0
46,54,0
46,55,0
46,56,0
47,0,0
47,1,0
47,2,0
47,3,1
47,4,1
47,5,1
47,6,0
47,7,1
47,8,2
47,9,1
47,10,1
47,11,0
47,12,1
47,13,3
47,14,2
47,15,1
47,16,2
47,17,3
47,18,2
47,19,2
47,20,2
47,21,2
47,22,1
47,23,1
47,24,1
47,25,0
47,26,0
47,27,0
47,28,0
47,29,0
47,30,0
47,31,0
47,32,0
47,33,0
47,34,0
47,35,0
47,36,0
47,37,0
47,38,0
47,39,0
47,40,0
47,41,0
47,42,0
47,43,0
47,44,0
47,45,0
47,46,0
47,47,0
47,48,0
47,49,0
47,50,0
47,51,0
47,52,0
47,53,0
47,54,0
47,55,0
47,56,0
48,0,0
48,1,0
48,2,0
48,3,0
48,4,1
48,5,2
48,6,2
48,7,2
48,8,2
48,9,2
48,10,1
48,11,1
48,12,2
48,13,1
48,14,1
48,15,1
48,16,1
48,17,1
48,18,1
48,19,1
48,20,0
48,21,0
48,22,0
48,23,1
48,24,0
48,25,0
48,26,0
48,27,0
48,28,0
48,29,0
48,30,0
48,31,0
48,32,0
48,33,0
48,34,0
48,35,0
48,36,0
48,37,0
48,38,0
48,39,0
48,40,0
48,41,0
48,42,0
48,43,0
48,44,0
48,45,0
48,46,0
48,47,0
48,48,0
48,49,0
48,50,0
48,51,0
48,52,0
48,53,0
48,54,0
48,55,0
48,56,0
49,0,0
49,1,0
49,2,0
49,3,0
49,4,1
49,5,2
49,6,1
49,7,1
49,8,0
49,9,0
49,10,1
49,11,2
49,12,0
49,13,0
49,14,1
49,15,1
49,16,1
49,17,1
49,18,1
49,19,1
49,20,2
49,21,1
49,22,1
49,23,0
49,24,1
49,25,1
49,26,0
49,27,0
49,28,0
49,29,0
49,30,0
49,31,0
49,32,0
49,33,0
49,34,0
49,35,0
49,36,0
49,37,0
49,38,0
49,39,0
49,40,0
49,41,0
49,42,0
49,43,0
49,44,0
49,45,0
49,46,0
49,47,0
49,48,0
49,49,0
49,50,0
49,51,0
49,52,0
49,53,0
49,54,0
49,55,0
49,56,0
50,0,0
50,1,0
50,2,0
50,3,0
50,4,1
50,5,0
50,6,2
50,7,1
50,8,1
50,9,1
50,10,1
50,11,0
50,12,1
50,13,2
50,14,1
50,15,1
50,16,2
50,17,2
50,18,1
50,19,1
50,20,1
50,21,1
50,22,0
50,23,0
50,24,0
50,25,0
50,26,1
50,27,0
50,28,0
50,29,0
50,30,0
50,31,0
50,32,0
50,33,0
50,34,0
50,35,0
50,36,0
50,37,0
50,38,0
50,39,0
50,40,0
50,41,0
50,42,0
50,43,0
50,44,0
50,45,0
50,46,0
50,47,0
50,48,0
50,49,0
50,50,0
50,51,0
50,52,0
50,53,0
50,54,0
50,55,0
50,56,0
51,0,0
51,1,0
51,2,0
51,3,0
51,4,0
51,5,0
51,6,0
51,7,0
51,8,1
51,9,1
51,10,0
51,11,1
51,12,2
51,13,1
51,14,0
51,15,1
51,16,1
51,17,1
51,18,0
51,19,0
51,20,0
51,21,1
51,22,1
51,23,1
51,24,0
51,25,1
51,26,1
51,27,1
51,28,0
51,29,0
51,30,0
51,31,0
51,32,0
51,33,0
51,34,0
51,35,0
51,36,0
51,37,0
51,38,0
51,39,0
51,40,0
51,41,0
51,42,0
51,43,0
51,44,0
51,45,0
51,46,0
51,47,0
51,48,0
51,49,0
51,50,0
51,51,0
51,52,0
51,53,0
51,54,0
51,55,0
51,56,0
52,0,0
52,1,0
52,2,0
52,3,0
52,4,0
52,5,1
52,6,0
52,7,0
52,8,1
52,9,0
52,10,1
52,11,1
52,12,0
52,13,0
52,14,1
52,15,0
52,16,1
52,17,1
52,18,1
52,19,0
52,20,1
52,21,1
52,22,1
52,23,0
52,24,0
52,25,0
52,26,0
52,27,0
52,28,0
52,29,0
52,30,0
52,31,0
52,32,0
52,33,0
52,34,0
52,35,0
52,36,0
52,37,0
52,38,0
52,39,0
52,40,0
52,41,0
52,42,0
52,43,0
52,44,0
52,45,0
52,46,0
52,47,0
52,48,0
52,49,0
52,50,0
52,51,0
52,52,0
52,53,0
52,54,0
52,55,0
52,56,0
53,0,0
53,1,0
53,2,0
53,3,1
53,4,1
53,5,2
53,6,1
53,7,2
53,8,0
53,9,2
53,10,1
53,11,1
53,12,2
53,13,2
53,14,1
53,15,1
53,16,2
53,17,1
53,18,0
53,19,1
53,20,1
53,21,1
53,22,0
53,23,0
53,24,0
53,25,0
53,26,0
53,27,0
53,28,0
53,29,0
53,30,0
53,31,0
53,32,0
53,33,0
53,34,0
53,35,0
53,36,0
53,37,0
53,38,0
53,39,0
53,40,0
53,41,0
53,42,0
53,43,0
53,44,0
53,45,0
53,46,0
53,47,0
53,48,0
53,49,0
53,50,0
53,51,0
53,52,0
53,53,0
53,54,0
53,55,0
53,56,0
54,0,0
54,1,0
54,2,0
54,3,0
54,4,0
54,5,0
54,6,2
54,7,1
54,8,2
54,9,1
54,10,2
54,11,3
54,12,2
54,13,1
54,14,0
54,15,1
54,16,0
54,17,0
54,18,1
54,19,1
54,20,1
54,21,1
54,22,1
54,23,0
54,24,1
54,25,1
54,26,1
54,27,0
54,28,0
54,29,0
54,30,0
54,31,0
54,32,0
54,33,0
54,34,0
54,35,0
54,36,0
54,37,0
54,38,0
54,39,0
54,40,0
54,41,0
54,42,0
54,43,0
54,44,0
54,45,0
54,46,0
54,47,0
54,48,0
54,49,0
54,50,0
54,51,0
54,52,0
54,53,0
54,54,0
54,55,0
54,56,0
55,0,0
55,1,0
55,2,0
55,3,0
55,4,0
55,5,1
55,6,1
55,7,2
55,8,2
55,9,0
55,10,1
55,11,1
55,12,1
55,13,1
55,14,1
55,15,0
55,16,1
55,17,3
55,18,2
55,19,1
55,20,2
55,21,3
55,22,2
55,23,2
55,24,2
55,25,2
55,26,1
55,27,1
55,28,1
55,29,0
55,30,0
55,31,0
55,32,0
55,33,0
55,34,0
55,35,0
55,36,0
55,37,0
55,38,0
55,39,0
55,40,0
55,41,0
55,42,0
55,43,0
55,44,0
55,45,0
55,46,0
55,47,0
55,48,0
55,49,0
55,50,0
55,51,0
55,52,0
55,53,0
55,54,0
55,55,0
55,56,0
56,0,0
56,1,0
56,2,0
56,3,0
56,4,1
56,5,1
56,6,1
56,7,2
56,8,1
56,9,3
56,10,2
56,11,1
56,12,2
56,13,2
56,14,1
56,15,1
56,16,2
56,17,1
56,18,1
56,19,1
56,20,1
56,21,1
56,22,1
56,23,1
56,24,0
56,25,0
56,26,0
56,27,1
56,28,0
56,29,0
56,30,0
56,31,0
56,32,0
56,33,0
56,34,0
56,35,0
56,36,0
56,37,0
56,38,0
56,39,0
56,40,0
56,41,0
56,42,0
56,43,0
56,44,0
56,45,0
56,46,0
56,47,0
56,48,0
56,49,0
56,50,0
56,51,0
56,52,0
56,53,0
56,54,0
56,55,0
56,56,0
57,0,0
57,1,0
57,2,0
57,3,0
57,4,0
57,5,1
57,6,1
57,7,1
57,8,2
57,9,2
57,10,1
57,11,2
57,12,1
57,13,0
57,14,1
57,15,2
57,16,0
57,17,0
57,18,1
57,19,1
57,20,1
57,21,1
57,22,1
57,23,1
57,24,2
57,25,1
57,26,1
57,27,0
57,28,1
57,29,1
57,30,0
57,31,0
57,32,0
57,33,0
57,34,0
57,35,0
57,36,0
57,37,0
57,38,0
57,39,0
57,40,0
57,41,0
57,42,0
57,43,0
57,44,0
57,45,0
57,46,0
57,47,0
57,48,0
57,49,0
57,50,0
57,51,0
57,52,0
57,53,0
57,54,0
57,55,0
57,56,0
58,0,0
58,1,0
58,2,0
58,3,0
58,4,1
58,5,0
58,6,2
58,7,1
58,8,1
58,9,0
58,10,1
58,11,0
58,12,0
58,13,1
58,14,1
58,15,0
58,16,1
58,17,2
58,18,1
58,19,1
58,20,2
58,21,2
58,22,1
58,23,1
58,24,1
58,25,1
58,26,0
58,27,0
58,28,0
58,29,0
58,30,1
58,31,0
58,32,0
58,33,0
58,34,0
58,35,0
58,36,0
58,37,0
58,38,0
58,39,0
58,40,0
58,41,0
58,42,0
58,43,0
58,44,0
58,45,0
58,46,0
58,47,0
58,48,0
58,49,0
58,50,0
58,51,0
58,52,0
58,53,0
58,54,0
58,55,0
58,56,0
59,0,0
59,1,0
59,2,0
59,3,0
59,4,0
59,5,1
59,6,1
59,7,1
59,8,1
59,9,1
59,10,1
59,11,1
59,12,2
59,13,1
59,14,0
59,15,1
59,16,2
59,17,1
59,18,0
59,19,1
59,20,1
59,21,1
59,22,0
59,23,0
59,24,0
59,25,1
59,26,1
59,27,1
59,28,0
59,29,1
59,30,1
59,31,1
59,32,0
59,33,0
59,34,0
59,35,0
59,36,0
59,37,0
59,38,0
59,39,0
59,40,0
59,41,0
59,42,0
59,43,0
59,44,0
59,45,0
59,46,0
59,47,0
59,48,0
59,49,0
59,50,0
59,51,0
59,52,0
59,53,0
59,54,0
59,55,0
59,56,0
60,0,0
60,1,0
60,2,0
60,3,0
60,4,0
60,5,1
60,6,1
60,7,1
60,8,2
60,9,2
60,10,1
60,11,2
60,12,1
60,13,0
60,14,1
60,15,1
60,16,0
60,17,0
60,18,1
60,19,0
60,20,1
60,21,1
60,22,1
60,23,0
60,24,1
60,25,1
60,26,1
60,27,0
60,28,0
60,29,0
60,30,0
60,31,0
60,32,0
60,33,0
60,34,0
60,35,0
60,36,0
60,37,0
60,38,0
60,39,0
60,40,0
60,41,0
60,42,0
60,43,0
60,44,0
60,45,0
60,46,0
60,47,0
60,48,0
60,49,0
60,50,0
60,51,0
60,52,0
60,53,0
60,54,0
60,55,0
60,56,0
61,0,0
61,1,0
61,2,0
61,3,0
61,4,1
61,5,1
61,6,2
61,7,3
61,8,1
61,9,2
61,10,1
61,11,1
61,12,0
61,13,1
61,14,2
61,15,1
61,16,2
61,17,2
61,18,1
61,19,1
61,20,2
61,21,1
61,22,0
61,23,1
61,24,1
61,25,1
61,26,0
61,27,0
61,28,0
61,29,0
61,30,0
61,31,0
61,32,0
61,33,0
61,34,0
61,35,0
61,36,0
61,37,0
61,38,0
61,39,0
61,40,0
61,41,0
61,42,0
61,43,0
61,44,0
61,45,0
61,46,0
61,47,0
61,48,0
61,49,0
61,50,0
61,51,0
61,52,0
61,53,0
61,54,0
61,55,0
61,56,0
62,0,0
62,1,0
62,2,1
62,3,1
62,4,1
62,5,3
62,6,3
62,7,1
62,8,4
62,9,2
62,10,4
62,11,3
62,12,3
62,13,3
62,14,2
62,15,4
62,16,3
62,17,2
62,18,1
62,19,2
62,20,1
62,21,1
62,22,1
62,23,1
62,24,1
62,25,1
62,26,1
62,27,0
62,28,1
62,29,1
62,30,1
62,31,0
62,32,0
62,33,0
62,34,0
62,35,0
62,36,0
62,37,0
62,38,0
62,39,0
62,40,0
62,41,0
62,42,0
62,43,0
62,44,0
62,45,0
62,46,0
62,47,0
62,48,0
62,49,0
62,50,0
62,51,0
62,52,0
62,53,0
62,54,0
62,55,0
62,56,0
63,0,0
63,1,1
63,2,1
63,3,2
63,4,1
63,5,1
63,6,2
63,7,4
63,8,2
63,9,3
63,10,2
63,11,3
63,12,2
63,13,1
63,14,2
63,15,2
63,16,2
63,17,2
63,18,2
63,19,1
63,20,2
63,21,3
63,22,2
63,23,1
63,24,2
63,25,3
63,26,2
63,27,2
63,28,2
63,29,2
63,30,1
63,31,1
63,32,1
63,33,0
63,34,0
63,35,0
63,36,0
63,37,0
63,38,0
63,39,0
63,40,0
63,41,0
63,42,0
63,43,0
63,44,0
63,45,0
63,46,0
63,47,0
63,48,0
63,49,0
63,50,0
63,51,0
63,52,0
63,53,0
63,54,0
63,55,0
63,56,0
64,0,0
64,1,0
64,2,1
64,3,0
64,4,1
64,5,1
64,6,1
64,7,2
64,8,2
64,9,1
64,10,2
64,11,1
64,12,1
64,13,2
64,14,2
64,15,1
64,16,2
64,17,2
64,18,1
64,19,1
64,20,2
64,21,1
64,22,1
64,23,1
64,24,1
64,25,1
64,26,1
64,27,1
64,28,0
64,29,0
64,30,0
64,31,1
64,32,0
64,33,0
64,34,0
64,35,0
64,36,0
64,37,0
64,38,0
64,39,0
64,40,0
64,41,0
64,42,0
64,43,0
64,44,0
64,45,0
64,46,0
64,47,0
64,48,0
64,49,0
64,50,0
64,51,0
64,52,0
64,53,0
64,54,0
64,55,0
64,56,0
65,0,0
65,1,0
65,2,0
65,3,2
65,4,1
65,5,1
65,6,1
65,7,1
65,8,1
65,9,2
65,10,2
65,11,3
65,12,3
65,13,2
65,14,1
65,15,2
65,16,1
65,17,0
65,18,1
65,19,2
65,20,0
65,21,0
65,22,1
65,23,1
65,24,1
65,25,1
65,26,1
65,27,1
65,28,2
65,29,1
65,30,1
65,31,0
65,32,1
65,33,1
65,34,0
65,35,0
65,36,0
65,37,0
65,38,0
65,39,0
65,40,0
65,41,0
65,42,0
65,43,0
65,44,0
65,45,0
65,46,0
65,47,0
65,48,0
65,49,0
65,50,0
65,51,0
65,52,0
65,53,0
65,54,0
65,55,0
65,56,0
66,0,0
66,1,0
66,2,1
66,3,1
66,4,1
66,5,0
66,6,1
66,7,2
66,8,1
66,9,0
66,10,2
66,11,2
66,12,2
66,13,0
66,14,1
66,15,1
66,16,0
66,17,1
66,18,1
66,19,0
66,20,1
66,21,2
66,22,1
66,23,1
66,24,2
66,25,2
66,26,1
66,27,1
66,28,1
66,29,1
66,30,0
66,31,0
66,32,0
66,33,0
66,34,1
66,35,0
66,36,0
66,37,0
66,38,0
66,39,0
66,40,0
66,41,0
66,42,0
66,43,0
66,44,0
66,45,0
66,46,0
66,47,0
66,48,0
66,49,0
66,50,0
66,51,0
66,52,0
66,53,0
66,54,0
66,55,0
66,56,0
67,0,0
67,1,0
67,2,0
67,3,0
67,4,0
67,5,2
67,6,2
67,7,1
67,8,1
67,9,2
67,10,1
67,11,2
67,12,1
67,13,1
67,14,2
67,15,1
67,16,2
67,17,1
67,18,0
67,19,1
67,20,2
67,21,1
67,22,0
67,23,1
67,24,1
67,25,1
67,26,0
67,27,0
67,28,0
67,29,1
67,30,1
67,31,1
67,32,0
67,33,1
67,34,1
67,35,1
67,36,0
67,37,0
67,38,0
67,39,0
67,40,0
67,41,0
67,42,0
67,43,0
67,44,0
67,45,0
67,46,0
67,47,0
67,48,0
67,49,0
67,50,0
67,51,0
67,52,0
67,53,0
67,54,0
67,55,0
67,56,0
68,0,0
68,1,0
68,2,0
68,3,0
68,4,1
68,5,0
68,6,1
68,7,1
68,8,2
68,9,2
68,10,1
68,11,2
68,12,3
68,13,2
68,14,2
68,15,2
68,16,1
68,17,0
68,18,1
68,19,1
68,20,0
68,21,0
68,22,1
68,23,0
68,24,1
68,25,1
68,26,1
68,27,0
68,28,1
68,29,1
68,30,1
68,31,0
68,32,0
68,33,0
68,34,0
68,35,0
68,36,0
68,37,0
68,38,0
68,39,0
68,40,0
68,41,0
68,42,0
68,43,0
68,44,0
68,45,0
68,46,0
68,47,0
68,48,0
68,49,0
68,50,0
68,51,0
68,52,0
68,53,0
68,54,0
68,55,0
68,56,0
69,0,0
69,1,0
69,2,0
69,3,1
69,4,1
69,5,1
69,6,1
69,7,2
69,8,3
69,9,0
69,10,1
69,11,2
69,12,0
69,13,2
69,14,1
69,15,1
69,16,0
69,17,1
69,18,2
69,19,1
69,20,2
69,21,2
69,22,1
69,23,1
69,24,2
69,25,1
69,26,0
69,27,1
69,28,1
69,29,1
69,30,0
69,31,0
69,32,0
69,33,0
69,34,0
69,35,0
69,36,0
69,37,0
69,38,0
69,39,0
69,40,0
69,41,0
69,42,0
69,43,0
69,44,0
69,45,0
69,46,0
69,47,0
69,48,0
69,49,0
69,50,0
69,51,0
69,52,0
69,53,0
69,54,0
69,55,0
69,56,0
70,0,0
70,1,0
70,2,1
70,3,1
70,4,2
70,5,3
70,6,3
70,7,2
70,8,1
70,9,2
70,10,2
70,11,2
70,12,3
70,13,2
70,14,4
70,15,3
70,16,3
70,17,3
70,18,2
70,19,4
70,20,3
70,21,2
70,22,1
70,23,2
70,24,1
70,25,1
70,26,1
70,27,1
70,28,1
70,29,1
70,30,1
70,31,0
70,32,1
70,33,1
70,34,1
70,35,0
70,36,0
70,37,0
70,38,0
70,39,0
70,40,0
70,41,0
70,42,0
70,43,0
70,44,0
70,45,0
70,46,0
70,47,0
70,48,0
70,49,0
70,50,0
70,51,0
70,52,0
70,53,0
70,54,0
70,55,0
70,56,0
71,0,0
71,1,0
71,2,0
71,3,1
71,4,1
71,5,2
71,6,3
71,7,2
71,8,2
71,9,2
71,10,2
71,11,4
71,12,3
71,13,4
71,14,3
71,15,3
71,16,3
71,17,1
71,18,2
71,19,2
71,20,2
71,21,2
71,22,2
71,23,1
71,24,2
71,25,3
71,26,2
71,27,1
71,28,2
71,29,3
71,30,2
71,31,2
71,32,2
71,33,2
71,34,1
71,35,1
71,36,1
71,37,0
71,38,0
71,39,0
71,40,0
71,41,0
71,42,0
71,43,0
71,44,0
71,45,0
71,46,0
71,47,0
71,48,0
71,49,0
71,50,0
71,51,0
71,52,0
71,53,0
71,54,0
71,55,0
71,56,0
72,0,0
72,1,0
72,2,0
72,3,0
72,4,1
72,5,2
72,6,1
72,7,2
72,8,3
72,9,0
72,10,3
72,11,1
72,12,1
72,13,1
72,14,1
72,15,2
72,16,1
72,17,2
72,18,2
72,19,1
72,20,2
72,21,2
72,22,1
72,23,1
72,24,2
72,25,1
72,26,1
72,27,1
72,28,1
72,29,1
72,30,1
72,31,1
72,32,0
72,33,0
72,34,0
72,35,1
72,36,0
72,37,0
72,38,0
72,39,0
72,40,0
72,41,0
72,42,0
72,43,0
72,44,0
72,45,0
72,46,0
72,47,0
72,48,0
72,49,0
72,50,0
72,51,0
72,52,0
72,53,0
72,54,0
72,55,0
72,56,0
73,0,0
73,1,0
73,2,0
73,3,1
73,4,1
73,5,1
73,6,1
73,7,3
73,8,1
73,9,3
73,10,1
73,11,2
73,12,2
73,13,2
73,14,2
73,15,2
73,16,2
73,17,2
73,18,1
73,19,2
73,20,1
73,21,0
73,22,1
73,23,2
73,24,0
73,25,0
73,26,1
73,27,1
73,28,1
73,29,1
73,30,1
73,31,1
73,32,2
73,33,1
73,34,1
73,35,0
73,36,1
73,37,1
73,38,0
73,39,0
73,40,0
73,41,0
73,42,0
73,43,0
73,44,0
73,45,0
73,46,0
73,47,0
73,48,0
73,49,0
73,50,0
73,51,0
73,52,0
73,53,0
73,54,0
73,55,0
73,56,0
74,0,0
74,1,0
74,2,1
74,3,1
74,4,1
74,5,0
74,6,1
74,7,3
74,8,3
74,9,1
74,10,2
74,11,2
74,12,2
74,13,1
74,14,2
74,15,2
74,16,1
74,17,0
74,18,1
74,19,1
74,20,0
74,21,1
74,22,1
74,23,0
74,24,1
74,25,2
74,26,1
74,27,1
74,28,2
74,29,2
74,30,1
74,31,1
74,32,1
74,33,1
74,34,0
74,35,0
74,36,0
74,37,0
74,38,1
74,39,0
74,40,0
74,41,0
74,42,0
74,43,0
74,44,0
74,45,0
74,46,0
74,47,0
74,48,0
74,49,0
74,50,0
74,51,0
74,52,0
74,53,0
74,54,0
74,55,0
74,56,0
75,0,0
75,1,0
75,2,0
75,3,0
75,4,0
75,5,1
75,6,2
75,7,2
75,8,2
75,9,1
75,10,0
75,11,1
75,12,1
75,13,0
75,14,2
75,15,2
75,16,1
75,17,1
75,18,2
75,19,1
75,20,2
75,21,1
75,22,0
75,23,1
75,24,2
75,25,1
75,26,0
75,27,1
75,28,1
75,29,1
75,30,0
75,31,0
75,32,0
75,33,1
75,34,1
75,35,1
75,36,0
75,37,1
75,38,1
75,39,1
75,40,0
75,41,0
75,42,0
75,43,0
75,44,0
75,45,0
75,46,0
75,47,0
75,48,0
75,49,0
75,50,0
75,51,0
75,52,0
75,53,0
75,54,0
75,55,0
75,56,0
76,0,0
76,1,0
76,2,0
76,3,0
76,4,0
76,5,1
76,6,2
76,7,2
76,8,2
76,9,1
76,10,1
76,11,2
76,12,2
76,13,2
76,14,3
76,15,2
76,16,2
76,17,3
76,18,2
76,19,2
76,20,1
76,21,0
76,22,1
76,23,1
76,24,0
76,25,0
76,26,1
76,27,0
76,28,1
76,29,1
76,30,1
76,31,0
76,32,1
76,33,1
76,34,1
76,35,0
76,36,0
76,37,0
76,38,0
76,39,0
76,40,0
76,41,0
76,42,0
76,43,0
76,44,0
76,45,0
76,46,0
76,47,0
76,48,0
76,49,0
76,50,0
76,51,0
76,52,0
76,53,0
76,54,0
76,55,0
76,56,0
77,0,0
77,1,0
77,2,0
77,3,1
77,4,1
77,5,2
77,6,3
77,7,5
77,8,4
77,9,2
77,10,2
77,11,4
77,12,2
77,13,3
77,14,2
77,15,2
77,16,2
77,17,2
77,18,1
77,19,1
77,20,0
77,21,1
77,22,2
77,23,1
77,24,2
77,25,2
77,26,1
77,27,1
77,28,2
77,29,1
77,30,0
77,31,1
77,32,1
77,33,1
77,34,0
77,35,0
77,36,0
77,37,0
77,38,0
77,39,0
77,40,0
77,41,0
77,42,0
77,43,0
77,44,0
77,45,0
77,46,0
77,47,0
77,48,0
77,49,0
77,50,0
77,51,0
77,52,0
77,53,0
77,54,0
77,55,0
77,56,0
78,0,0
78,1,0
78,2,1
78,3,1
78,4,3
78,5,3
78,6,4
78,7,3
78,8,2
78,9,3
78,10,3
78,11,1
78,12,2
78,13,2
78,14,3
78,15,1
78,16,1
78,17,1
78,18,3
78,19,2
78,20,2
78,21,2
78,22,1
78,23,3
78,24,2
78,25,1
78,26,0
78,27,1
78,28,0
78,29,0
78,30,1
78,31,1
78,32,1
78,33,1
78,34,1
78,35,0
78,36,1
78,37,1
78,38,1
78,39,0
78,40,0
78,41,0
78,42,0
78,43,0
78,44,0
78,45,0
78,46,0
78,47,0
78,48,0
78,49,0
78,50,0
78,51,0
78,52,0
78,53,0
78,54,0
78,55,0
78,56,0
79,0,0
79,1,0
79,2,0
79,3,2
79,4,1
79,5,2
79,6,2
79,7,1
79,8,2
79,9,1
79,10,2
79,11,2
79,12,2
79,13,4
79,14,3
79,15,3
79,16,2
79,17,3
79,18,2
79,19,2
79,20,2
79,21,0
79,22,1
79,23,1
79,24,1
79,25,1
79,26,1
79,27,0
79,28,1
79,29,3
79,30,2
79,31,1
79,32,2
79,33,3
79,34,2
79,35,2
79,36,2
79,37,2
79,38,1
79,39,1
79,40,1
79,41,0
79,42,0
79,43,0
79,44,0
79,45,0
79,46,0
79,47,0
79,48,0
79,49,0
79,50,0
79,51,0
79,52,0
79,53,0
79,54,0
79,55,0
79,56,0
80,0,0
80,1,0
80,2,0
80,3,0
80,4,3
80,5,3
80,6,2
80,7,1
80,8,1
80,9,3
80,10,2
80,11,1
80,12,2
80,13,2
80,14,2
80,15,2
80,16,2
80,17,1
80,18,1
80,19,2
80,20,1
80,21,2
80,22,2
80,23,1
80,24,2
80,25,2
80,26,1
80,27,1
80,28,2
80,29,1
80,30,1
80,31,1
80,32,1
80,33,1
80,34,1
80,35,1
80,36,0
80,37,0
80,38,0
80,39,1
80,40,0
80,41,0
80,42,0
80,43,0
80,44,0
80,45,0
80,46,0
80,47,0
80,48,0
80,49,0
80,50,0
80,51,0
80,52,0
80,53,0
80,54,0
80,55,0
80,56,0
81,0,0
81,1,0
81,2,0
81,3,1
81,4,1
81,5,2
81,6,1
81,7,2
81,8,2
81,9,1
81,10,1
81,11,2
81,12,1
81,13,1
81,14,1
81,15,3
81,16,1
81,17,2
81,18,3
81,19,2
81,20,2
81,21,2
81,22,1
81,23,2
81,24,1
81,25,0
81,26,1
81,27,2
81,28,0
81,29,0
81,30,1
81,31,1
81,32,1
81,33,1
81,34,1
81,35,1
81,36,2
81,37,1
81,38,1
81,39,0
81,40,1
81,41,1
81,42,0
81,43,0
81,44,0
81,45,0
81,46,0
81,47,0
81,48,0
81,49,0
81,50,0
81,51,0
81,52,0
81,53,0
81,54,0
81,55,0
81,56,0
82,0,0
82,1,0
82,2,0
82,3,0
82,4,1
82,5,0
82,6,2
82,7,2
82,8,2
82,9,1
82,10,2
82,11,2
82,12,3
82,13,1
82,14,4
82,15,1
82,16,2
82,17,3
82,18,2
82,19,2
82,20,1
82,21,0
82,22,1
82,23,1
82,24,0
82,25,1
82,26,1
82,27,0
82,28,1
82,29,2
82,30,1
82,31,1
82,32,2
82,33,2
82,34,1
82,35,1
82,36,1
82,37,1
82,38,0
82,39,0
82,40,0
82,41,0
82,42,1
82,43,0
82,44,0
82,45,0
82,46,0
82,47,0
82,48,0
82,49,0
82,50,0
82,51,0
82,52,0
82,53,0
82,54,0
82,55,0
82,56,0
83,0,0
83,1,0
83,2,0
83,3,0
83,4,0
83,5,2
83,6,1
83,7,1
83,8,2
83,9,2
83,10,1
83,11,2
83,12,0
83,13,1
83,14,0
83,15,2
83,16,2
83,17,1
83,18,2
83,19,2
83,20,1
83,21,1
83,22,2
83,23,1
83,24,2
83,25,1
83,26,0
83,27,1
83,28,2
83,29,1
83,30,0
83,31,1
83,32,1
83,33,1
83,34,0
83,35,0
83,36,0
83,37,1
83,38,1
83,39,1
83,40,0
83,41,1
83,42,1
83,43,1
83,44,0
83,45,0
83,46,0
83,47,0
83,48,0
83,49,0
83,50,0
83,51,0
83,52,0
83,53,0
83,54,0
83,55,0
83,56,0
84,0,0
84,1,0
84,2,0
84,3,0
84,4,1
84,5,2
84,6,2
84,7,3
84,8,2
84,9,1
84,10,2
84,11,0
84,12,0
84,13,0
84,14,3
84,15,3
84,16,1
84,17,2
84,18,3
84,19,2
84,20,2
84,21,3
84,22,2
84,23,2
84,24,1
84,25,0
84,26,1
84,27,1
84,28,0
84,29,0
84,30,1
84,31,0
84,32,1
84,33,1
84,34,1
84,35,0
84,36,1
84,37,1
84,38,1
84,39,0
84,40,0
84,41,0
84,42,0
84,43,0
84,44,0
84,45,0
84,46,0
84,47,0
84,48,0
84,49,0
84,50,0
84,51,0
84,52,0
84,53,0
84,54,0
84,55,0
84,56,0
85,0,0
85,1,0
85,2,0
85,3,1
85,4,2
85,5,4
85,6,4
85,7,3
85,8,2
85,9,3
85,10,2
85,11,4
85,12,2
85,13,3
85,14,4
85,15,3
85,16,4
85,17,4
85,18,2
85,19,2
85,20,2
85,21,2
85,22,1
85,23,1
85,24,0
85,25,1
85,26,2
85,27,1
85,28,2
85,29,2
85,30,1
85,31,1
85,32,2
85,33,1
85,34,0
85,35,1
85,36,1
85,37,1
85,38,0
85,39,0
85,40,0
85,41,0
85,42,0
85,43,0
85,44,0
85,45,0
85,46,0
85,47,0
85,48,0
85,49,0
85,50,0
85,51,0
85,52,0
85,53,0
85,54,0
85,55,0
85,56,0
86,0,0
86,1,0
86,2,1
86,3,1
86,4,2
86,5,2
86,6,4
86,7,3
86,8,4
86,9,3
86,10,4
86,11,3
86,12,3
86,13,3
86,14,1
86,15,1
86,16,3
86,17,1
86,18,3
86,19,2
86,20,1
86,21,1
86,22,3
86,23,2
86,24,2
86,25,2
86,26,1
86,27,3
86,28,2
86,29,1
86,30,0
86,31,1
86,32,0
86,33,0
86,34,1
86,35,1
86,36,1
86,37,1
86,38,1
86,39,0
86,40,1
86,41,1
86,42,1
86,43,0
86,44,0
86,45,0
86,46,0
86,47,0
86,48,0
86,49,0
86,50,0
86,51,0
86,52,0
86,53,0
86,54,0
86,55,0
86,56,0
87,0,0
87,1,0
87,2,0
87,3,1
87,4,0
87,5,1
87,6,1
87,7,3
87,8,2
87,9,2
87,10,2
87,11,1
87,12,1
87,13,1
87,14,1
87,15,2
87,16,0
87,17,4
87,18,4
87,19,3
87,20,2
87,21,3
87,22,2
87,23,2
87,24,2
87,25,0
87,26,1
87,27,1
87,28,1
87,29,1
87,30,1
87,31,0
87,32,1
87,33,3
87,34,2
87,35,1
87,36,2
87,37,3
87,38,2
87,39,2
87,40,2
87,41,2
87,42,1
87,43,1
87,44,1
87,45,0
87,46,0
87,47,0
87,48,0
87,49,0
87,50,0
87,51,0
87,52,0
87,53,0
87,54,0
87,55,0
87,56,0
88,0,0
88,1,0
88,2,0
88,3,0
88,4,1
88,5,1
88,6,2
88,7,1
88,8,3
88,9,4
88,10,1
88,11,1
88,12,2
88,13,2
88,14,2
88,15,1
88,16,3
88,17,2
88,18,2
88,19,2
88,20,2
88,21,1
88,22,1
88,23,2
88,24,1
88,25,2
88,26,2
88,27,1
88,28,2
88,29,2
88,30,1
88,31,1
88,32,2
88,33,1
88,34,1
88,35,1
88,36,1
88,37,1
88,38,1
88,39,1
88,40,0
88,41,0
88,42,0
88,43,1
88,44,0
88,45,0
88,46,0
88,47,0
88,48,0
88,49,0
88,50,0
88,51,0
88,52,0
88,53,0
88,54,0
88,55,0
88,56,0
89,0,0
89,1,0
89,2,0
89,3,1
89,4,1
89,5,2
89,6,1
89,7,2
89,8,2
89,9,2
89,10,3
89,11,2
89,12,1
89,13,1
89,14,0
89,15,3
89,16,1
89,17,0
89,18,3
89,19,3
89,20,1
89,21,2
89,22,3
89,23,2
89,24,2
89,25,2
89,26,1
89,27,2
89,28,1
89,29,0
89,30,1
89,31,2
89,32,0
89,33,0
89,34,1
89,35,1
89,36,1
89,37,1
89,38,1
89,39,1
89,40,2
89,41,1
89,42,1
89,43,0
89,44,1
89,45,1
89,46,0
89,47,0
89,48,0
89,49,0
89,50,0
89,51,0
89,52,0
89,53,0
89,54,0
89,55,0
89,56,0
90,0,0
90,1,0
90,2,0
90,3,0
90,4,1
90,5,0
90,6,2
90,7,2
90,8,2
90,9,1
90,10,2
90,11,2
90,12,3
90,13,1
90,14,4
90,15,3
90,16,2
90,17,4
90,18,4
90,19,1
90,20,2
90,21,3
90,22,2
90,23,2
90,24,1
90,25,0
90,26,1
90,27,1
90,28,0
90,29,1
90,30,1
90,31,0
90,32,1
90,33,2
90,34,1
90,35,1
90,36,2
90,37,2
90,38,1
90,39,1
90,40,1
90,41,1
90,42,0
90,43,0
90,44,0
90,45,0
90,46,1
90,47,0
90,48,0
90,49,0
90,50,0
90,51,0
90,52,0
90,53,0
90,54,0
90,55,0
90,56,0
91,0,0
91,1,0
91,2,0
91,3,0
91,4,0
91,5,2
91,6,2
91,7,2
91,8,1
91,9,2
91,10,2
91,11,3
91,12,2
91,13,3
91,14,1
91,15,1
91,16,1
91,17,3
91,18,0
91,19,2
91,20,3
91,21,1
91,22,2
91,23,2
91,24,1
91,25,1
91,26,2
91,27,1
91,28,2
91,29,1
91,30,0
91,31,1
91,32,2
91,33,1
91,34,0
91,35,1
91,36,1
91,37,1
91,38,0
91,39,0
91,40,0
91,41,1
91,42,1
91,43,1
91,44,0
91,45,1
91,46,1
91,47,1
91,48,0
91,49,0
91,50,0
91,51,0
91,52,0
91,53,0
91,54,0
91,55,0
91,56,0
92,0,0
92,1,0
92,2,0
92,3,0
92,4,3
92,5,2
92,6,3
92,7,2
92,8,3
92,9,4
92,10,3
92,11,2
92,12,2
92,13,1
92,14,3
92,15,1
92,16,1
92,17,0
92,18,3
92,19,4
92,20,1
92,21,2
92,22,3
92,23,2
92,24,2
92,25,3
92,26,2
92,27,2
92,28,1
92,29,0
92,30,1
92,31,1
92,32,0
92,33,0
92,34,1
92,35,0
92,36,1
92,37,1
92,38,1
92,39,0
92,40,1
92,41,1
92,42,1
92,43,0
92,44,0
92,45,0
92,46,0
92,47,0
92,48,0
92,49,0
92,50,0
92,51,0
92,52,0
92,53,0
92,54,0
92,55,0
92,56,0
93,0,0
93,1,0
93,2,0
93,3,2
93,4,2
93,5,5
93,6,2
93,7,2
93,8,3
93,9,1
93,10,3
93,11,3
93,12,1
93,13,3
93,14,4
93,15,3
93,16,3
93,17,4
93,18,3
93,19,1
93,20,3
93,21,3
93,22,1
93,23,2
93,24,2
93,25,2
93,26,1
93,27,1
93,28,0
93,29,1
93,30,2
93,31,1
93,32,2
93,33,2
93,34,1
93,35,1
93,36,2
93,37,1
93,38,0
93,39,1
93,40,1
93,41,1
93,42,0
93,43,0
93,44,0
93,45,0
93,46,0
93,47,0
93,48,0
93,49,0
93,50,0
93,51,0
93,52,0
93,53,0
93,54,0
93,55,0
93,56,0
94,0,0
94,1,0
94,2,0
94,3,0
94,4,2
94,5,1
94,6,4
94,7,2
94,8,1
94,9,3
94,10,4
94,11,2
94,12,3
94,13,2
94,14,2
94,15,2
94,16,4
94,17,3
94,18,0
94,19,2
94,20,2
94,21,0
94,22,4
94,23,3
94,24,2
94,25,2
94,26,4
94,27,3
94,28,3
94,29,3
94,30,2
94,31,4
94,32,3
94,33,2
94,34,1
94,35,2
94,36,1
94,37,1
94,38,1
94,39,1
94,40,1
94,41,1
94,42,1
94,43,0
94,44,1
94,45,1
94,46,1
94,47,0
94,48,0
94,49,0
94,50,0
94,51,0
94,52,0
94,53,0
94,54,0
94,55,0
94,56,0
95,0,0
95,1,0
95,2,0
95,3,0
95,4,0
95,5,3
95,6,2
95,7,3
95,8,2
95,9,3
95,10,2
95,11,3
95,12,1
95,13,2
95,14,0
95,15,2
95,16,3
95,17,1
95,18,3
95,19,3
95,20,0
95,21,5
95,22,5
95,23,4
95,24,3
95,25,4
95,26,3
95,27,3
95,28,3
95,29,1
95,30,2
95,31,2
95,32,2
95,33,2
95,34,2
95,35,1
95,36,2
95,37,3
95,38,2
95,39,1
95,40,2
95,41,3
95,42,2
95,43,2
95,44,2
95,45,2
95,46,1
95,47,1
95,48,1
95,49,0
95,50,0
95,51,0
95,52,0
95,53,0
95,54,0
95,55,0
95,56,0
96,0,0
96,1,0
96,2,0
96,3,0
96,4,0
96,5,1
96,6,1
96,7,0
96,8,4
96,9,4
96,10,2
96,11,1
96,12,3
96,13,4
96,14,3
96,15,2
96,16,2
96,17,3
96,18,4
96,19,1
96,20,3
96,21,3
96,22,2
96,23,2
96,24,2
96,25,1
96,26,1
96,27,2
96,28,1
96,29,2
96,30,2
96,31,1
96,32,2
96,33,2
96,34,1
96,35,1
96,36,2
96,37,1
96,38,1
96,39,1
96,40,1
96,41,1
96,42,1
96,43,1
96,44,0
96,45,0
96,46,0
96,47,1
96,48,0
96,49,0
96,50,0
96,51,0
96,52,0
96,53,0
96,54,0
96,55,0
96,56,0
97,0,0
97,1,0
97,2,0
97,3,0
97,4,0
97,5,0
97,6,0
97,7,3
97,8,2
97,9,3
97,10,3
97,11,1
97,12,4
97,13,3
97,14,1
97,15,2
97,16,1
97,17,1
97,18,1
97,19,3
97,20,2
97,21,0
97,22,3
97,23,3
97,24,1
97,25,2
97,26,3
97,27,2
97,28,2
97,29,2
97,30,1
97,31,2
97,32,1
97,33,0
97,34,1
97,35,2
97,36,0
97,37,0
97,38,1
97,39,1
97,40,1
97,41,1
97,42,1
97,43,1
97,44,2
97,45,1
97,46,1
97,47,0
97,48,1
97,49,1
97,50,0
97,51,0
97,52,0
97,53,0
97,54,0
97,55,0
97,56,0
98,0,0
98,1,0
98,2,0
98,3,0
98,4,0
98,5,0
98,6,1
98,7,0
98,8,2
98,9,1
98,10,1
98,11,3
98,12,1
98,13,0
98,14,3
98,15,2
98,16,2
98,17,2
98,18,4
98,19,2
98,20,1
98,21,4
98,22,4
98,23,1
98,24,2
98,25,3
98,26,2
98,27,2
98,28,1
98,29,0
98,30,1
98,31,1
98,32,0
98,33,1
98,34,1
98,35,0
98,36,1
98,37,2
98,38,1
98,39,1
98,40,2
98,41,2
98,42,1
98,43,1
98,44,1
98,45,1
98,46,0
98,47,0
98,48,0
98,49,0
98,50,1
98,51,0
98,52,0
98,53,0
98,54,0
98,55,0
98,56,0
99,0,0
99,1,0
99,2,0
99,3,0
99,4,0
99,5,0
99,6,1
99,7,3
99,8,1
99,9,3
99,10,2
99,11,1
99,12,2
99,13,2
99,14,1
99,15,1
99,16,2
99,17,5
99,18,2
99,19,1
99,20,3
99,21,3
99,22,0
99,23,2
99,24,3
99,25,1
99,26,2
99,27,2
99,28,1
99,29,1
99,30,2
99,31,1
99,32,2
99,33,1
99,34,0
99,35,1
99,36,2
99,37,1
99,38,0
99,39,1
99,40,1
99,41,1
99,42,0
99,43,0
99,44,0
99,45,1
99,46,1
99,47,1
99,48,0
99,49,1
99,50,1
99,51,1
99,52,0
99,53,0
99,54,0
99,55,0
99,56,0
100,0,0
100,1,0
100,2,0
100,3,0
100,4,1
100,5,1
100,6,2
100,7,3
100,8,5
100,9,3
100,10,3
100,11,2
100,12,2
100,13,2
100,14,2
100,15,0
100,16,2
100,17,1
100,18,2
100,19,3
100,20,2
100,21,0
100,22,3
100,23,4
100,24,1
100,25,2
100,26,3
100,27,2
100,28,2
100,29,3
100,30,2
100,31,2
100,32,1
100,33,0
100,34,1
100,35,1
100,36,0
100,37,0
100,38,1
100,39,0
100,40,1
100,41,1
100,42,1
100,43,0
100,44,1
100,45,1
100,46,1
100,47,0
100,48,0
100,49,0
100,50,0
100,51,0
100,52,0
100,53,0
100,54,0
100,55,0
100,56,0
101,0,0
101,1,0
101,2,0
101,3,1
101,4,1
101,5,2
101,6,1
101,7,2
101,8,2
101,9,3
101,10,2
101,11,3
101,12,2
101,13,3
101,14,3
101,15,3
101,16,1
101,17,3
101,18,3
101,19,3
101,20,3
101,21,4
101,22,4
101,23,1
101,24,3
101,25,3
101,26,1
101,27,2
101,28,2
101,29,2
101,30,1
101,31,1
101,32,0
101,33,1
101,34,2
101,35,1
101,36,2
101,37,2
101,38,1
101,39,1
101,40,2
101,41,1
101,42,0
101,43,1
101,44,1
101,45,1
101,46,0
101,47,0
101,48,0
101,49,0
101,50,0
101,51,0
101,52,0
101,53,0
101,54,0
101,55,0
101,56,0
102,0,0
102,1,0
102,2,0
102,3,0
102,4,1
102,5,0
102,6,1
102,7,0
102,8,1
102,9,2
102,10,4
102,11,2
102,12,1
102,13,3
102,14,3
102,15,2
102,16,4
102,17,3
102,18,2
102,19,3
102,20,4
102,21,4
102,22,0
102,23,2
102,24,2
102,25,0
102,26,4
102,27,3
102,28,2
102,29,2
102,30,4
102,31,3
102,32,3
102,33,3
102,34,2
102,35,4
102,36,3
102,37,2
102,38,1
102,39,2
102,40,1
102,41,1
102,42,1
102,43,1
102,44,1
102,45,1
102,46,1
102,47,0
102,48,1
102,49,1
102,50,1
102,51,0
102,52,0
102,53,0
102,54,0
102,55,0
102,56,0
103,0,0
103,1,0
103,2,0
103,3,0
103,4,0
103,5,2
103,6,1
103,7,1
103,8,1
103,9,1
103,10,1
103,11,2
103,12,2
103,13,2
103,14,2
103,15,3
103,16,3
103,17,0
103,18,1
103,19,3
103,20,2
103,21,1
103,22,3
103,23,3
103,24,0
103,25,5
103,26,5
103,27,4
103,28,3
103,29,4
103,30,3
103,31,3
103,32,3
103,33,1
103,34,2
103,35,2
103,36,2
103,37,2
103,38,2
103,39,1
103,40,2
103,41,3
103,42,2
103,43,1
103,44,2
103,45,3
103,46,2
103,47,2
103,48,2
103,49,2
103,50,1
103,51,1
103,52,1
103,53,0
103,54,0
103,55,0
103,56,0
104,0,0
104,1,0
104,2,0
104,3,0
104,4,1
104,5,1
104,6,1
104,7,0
104,8,1
104,9,2
104,10,2
104,11,1
104,12,4
104,13,4
104,14,2
104,15,2
104,16,2
104,17,4
104,18,5
104,19,2
104,20,2
104,21,4
104,22,4
104,23,1
104,24,3
104,25,3
104,26,2
104,27,2
104,28,2
104,29,1
104,30,1
104,31,2
104,32,1
104,33,2
104,34,2
104,35,1
104,36,2
104,37,2
104,38,1
104,39,1
104,40,2
104,41,1
104,42,1
104,43,1
104,44,1
104,45,1
104,46,1
104,47,1
104,48,0
104,49,0
104,50,0
104,51,1
104,52,0
104,53,0
104,54,0
104,55,0
104,56,0
105,0,0
105,1,0
105,2,0
105,3,0
105,4,0
105,5,0
105,6,0
105,7,2
105,8,1
105,9,3
105,10,3
105,11,2
105,12,2
105,13,3
105,14,2
105,15,4
105,16,4
105,17,4
105,18,2
105,19,2
105,20,3
105,21,2
105,22,1
105,23,3
105,24,2
105,25,0
105,26,3
105,27,3
105,28,1
105,29,2
105,30,3
105,31,2
105,32,2
105,33,2
105,34,1
105,35,2
105,36,1
105,37,0
105,38,1
105,39,2
105,40,0
105,41,0
105,42,1
105,43,1
105,44,1
105,45,1
105,46,1
105,47,1
105,48,2
105,49,1
105,50,1
105,51,0
105,52,1
105,53,1
105,54,0
105,55,0
105,56,0
106,0,0
106,1,0
106,2,0
106,3,0
106,4,0
106,5,0
106,6,2
106,7,0
106,8,2
106,9,2
106,10,2
106,11,2
106,12,2
106,13,1
106,14,5
106,15,4
106,16,1
106,17,0
106,18,1
106,19,1
106,20,3
106,21,2
106,22,4
106,23,3
106,24,1
106,25,4
106,26,4
106,27,1
106,28,2
106,29,3
106,30,2
106,31,2
106,32,1
106,33,0
106,34,1
106,35,1
106,36,0
106,37,1
106,38,1
106,39,0
106,40,1
106,41,2
106,42,1
106,43,1
106,44,2
106,45,2
106,46,1
106,47,1
106,48,1
106,49,1
106,50,0
106,51,0
106,52,0
106,53,0
106,54,1
106,55,0
106,56,0
107,0,0
107,1,0
107,2,0
107,3,0
107,4,0
107,5,2
107,6,2
107,7,3
107,8,1
107,9,2
107,10,3
107,11,1
107,12,3
107,13,4
107,14,3
107,15,1
107,16,3
107,17,4
107,18,3
107,19,3
107,20,3
107,21,5
107,22,3
107,23,1
107,24,3
107,25,3
107,26,0
107,27,2
107,28,3
107,29,1
107,30,2
107,31,2
107,32,1
107,33,1
107,34,2
107,35,1
107,36,2
107,37,1
107,38,0
107,39,1
107,40,2
107,41,1
107,42,0
107,43,1
107,44,1
107,45,1
107,46,0
107,47,0
107,48,0
107,49,1
107,50,1
107,51,1
107,52,0
107,53,1
107,54,1
107,55,1
107,56,0
108,0,0
108,1,0
108,2,0
108,3,0
108,4,1
108,5,1
108,6,2
108,7,2
108,8,4
108,9,3
108,10,1
108,11,4
108,12,3
108,13,4
108,14,2
108,15,2
108,16,4
108,17,4
108,18,2
108,19,2
108,20,3
108,21,1
108,22,2
108,23,3
108,24,2
108,25,0
108,26,3
108,27,4
108,28,1
108,29,2
108,30,3
108,31,2
108,32,2
108,33,3
108,34,2
108,35,2
108,36,1
108,37,0
108,38,1
108,39,1
108,40,0
108,41,0
108,42,1
108,43,0
108,44,1
108,45,1
108,46,1
108,47,0
108,48,1
108,49,1
108,50,1
108,51,0
108,52,0
108,53,0
108,54,0
108,55,0
108,56,0
109,0,0
109,1,0
109,2,0
109,3,0
109,4,0
109,5,1
109,6,0
109,7,3
109,8,2
109,9,3
109,10,2
109,11,3
109,12,3
109,13,2
109,14,3
109,15,4
109,16,2
109,17,4
109,18,3
109,19,5
109,20,3
109,21,3
109,22,5
109,23,4
109,24,4
109,25,5
109,26,5
109,27,2
109,28,4
109,29,4
109,30,2
109,31,2
109,32,2
109,33,2
109,34,1
109,35,1
109,36,0
109,37,1
109,38,2
109,39,1
109,40,2
109,41,2
109,42,1
109,43,1
109,44,2
109,45,1
109,46,0
109,47,1
109,48,1
109,49,1
109,50,0
109,51,0
109,52,0
109,53,0
109,54,0
109,55,0
109,56,0
110,0,0
110,1,0
110,2,0
110,3,0
110,4,0
110,5,0
110,6,1
110,7,0
110,8,2
110,9,1
110,10,5
110,11,2
110,12,1
110,13,4
110,14,5
110,15,3
110,16,7
110,17,4
110,18,6
110,19,5
110,20,4
110,21,5
110,22,3
110,23,4
110,24,5
110,25,5
110,26,1
110,27,3
110,28,3
110,29,1
110,30,3
110,31,2
110,32,1
110,33,1
110,34,3
110,35,2
110,36,2
110,37,2
110,38,1
110,39,3
110,40,2
110,41,1
110,42,0
110,43,1
110,44,0
110,45,0
110,46,1
110,47,1
110,48,1
110,49,1
110,50,1
110,51,0
110,52,1
110,53,1
110,54,1
110,55,0
110,56,0
111,0,0
111,1,0
111,2,0
111,3,0
111,4,0
111,5,0
111,6,0
111,7,1
111,8,1
111,9,3
111,10,1
111,11,2
111,12,3
111,13,1
111,14,3
111,15,6
111,16,4
111,17,3
111,18,1
111,19,2
111,20,2
111,21,2
111,22,1
111,23,3
111,24,3
111,25,1
111,26,3
111,27,3
111,28,0
111,29,4
111,30,4
111,31,3
111,32,2
111,33,3
111,34,2
111,35,2
111,36,2
111,37,0
111,38,1
111,39,1
111,40,1
111,41,1
111,42,1
111,43,0
111,44,1
111,45,3
111,46,2
111,47,1
111,48,2
111,49,3
111,50,2
111,51,2
111,52,2
111,53,2
111,54,1
111,55,1
111,56,1
112,0,0
112,1,0
112,2,0
112,3,0
112,4,0
112,5,1
112,6,1
112,7,1
112,8,2
112,9,1
112,10,1
112,11,3
112,12,3
112,13,4
112,14,3
112,15,4
112,16,4
112,17,3
112,18,4
112,19,2
112,20,3
112,21,3
112,22,4
112,23,3
112,24,2
112,25,4
112,26,4
112,27,1
112,28,3
112,29,3
112,30,2
112,31,2
112,32,2
112,33,1
112,34,1
112,35,2
112,36,1
112,37,2
112,38,2
112,39,1
112,40,2
112,41,2
112,42,1
112,43,1
112,44,2
112,45,1
112,46,1
112,47,1
112,48,1
112,49,1
112,50,1
112,51,1
112,52,0
112,53,0
112,54,0
112,55,1
112,56,0
